6
6
7.222385801
6.421916841
9.143842341
6.126827452
5.50099751
8.962575743
5.839670574
5.747701339
5.989011551
5.890045889
5.913070296
5.527175362
6.474128876
6.082606656
6.183561713
5.99627502
5.720463052
6.89871002
6.053911537
6.150973698
5.979537354
5.951623718
6.852782767
6.072256927
7.052864186
6.06096371
5.911819923
5.263072436
6.948969191
6.356706679
6.0472777
6.911426707
5.633918975
6.887333791
6.954757723
5.944896215
5.898975774
5.530813725
7.168420232
5.937461076
5.814140028
6.012236565
5.593377748
5.44713375
6.069078541
5.848988042
6.144804349
6.119108119
6.064947677
6.09375628
6.116731151
6.098340203
6.074055712
6.194956585
7.172826572
6.088499965
6.264077892
5.931105122
5.998669335
5.923985944
5.96244008
6.138478155
7.000647333
7.150519881
6.097941105
6.080818256
5.73450685
7.180478721
5.983238896
6.149892293
6.915649709
5.945054639
6.83326783
5.949883998
6.935597548
5.922215604
5.984725946
5.872822961
5.840269111
5.954336859
6.020725611
6.088625323
6.237073872
6.08023639
6.095589122
6.1396579
6.275279941
6.055179373
7.888808616
6.073701721
6.126551584
5.879801827
6.808347872
5.773859197
6.825816181
6.028411239
5.940420074
5.93845171
5.905881233
7.060063103
7.044491146
6.090201382
5.928992804
7.693782363
6.924692109
6.96972853
5.55392155
7.18596976
5.191535447
5.708300866
5.931085074
6.799779609
5.924807882
5.319602251
6.022924804
6.750751262
6.943875285
6.928096925
5.001186661
5.963336749
5.997461831
5.005924232
6.087763017
4.999352868
6.999923266
5.031758813
6.803462461
6.008184522
6.010237852
6.927424108
5.997787607
6.979927684
5.991292451
6.969604823
5.98474773
5.699342844
7.163714349
5.643119216
6.987992451
5.848933484
6.979580501
6.932288039
5.9309725
5.98996874
6.996728266
5.942347919
5.95127063
5.776092349
5.751749423
5.894899144
6.999622409
6.928278906
6.006313634
6.854142996
5.997374693
5.9930529
6.94207802
5.972042692
5.999161828
5.904880979
5.920677596
7.999346696
