0	
0	
6	
6	
6.14357389743
0	
0	
6	
6	
6.83416158671
0	
0	
6	
6	
6.34079614794
0	
0	
6	
6	
6.31427175728
0	
0	
6	
6	
5.48192566211
0	
0	
6	
6	
4.26884280847
0	
0	
6	
6	
3.66338043218
0	
0	
6	
6	
4.16094487126
0	
0	
6	
6	
4.5377271664
0	
0	
6	
6	
6.02620562215
0	
0	
6	
6	
6.06914055891
0	
0	
6	
6	
6.34079614794
0	
0	
6	
6	
6.31427175728
0	
0	
6	
6	
5.92108174207
0	
0	
6	
6	
6.02620562215
0	
0	
6	
6	
6.06914055891
0	
0	
6	
6	
6.34079614794
0	
0	
6	
6	
6.34079614794
0	
0	
6	
6	
6.34079614794
0	
0	
6	
6	
6.34079614794
0	
0	
6	
6	
6.34079614794
0	
0	
6	
6	
6.34079614794
0	
0	
6	
6	
6.34079614794
0	
0	
6	
6	
6.34079614794
0	
0	
6	
6	
5.88333662684
0	
0	
6	
6	
5.02009355308
0	
0	
6	
6	
5.11736286105
0	
0	
6	
6	
5.5802324769
0	
0	
6	
6	
6.31427175728
0	
0	
6	
6	
5.92108174207
0	
0	
6	
6	
6.02620562215
0	
0	
6	
6	
5.76680270335
0	
0	
6	
6	
5.92108174207
0	
0	
6	
6	
6.02620562215
0	
0	
6	
6	
6.06914055891
0	
0	
6	
6	
6.31427175728
0	
0	
6	
6	
5.92108174207
0	
0	
6	
6	
6.02620562215
0	
0	
6	
6	
6.06914055891
0	
0	
6	
6	
6.34079614794
0	
0	
6	
6	
6.34079614794
0	
0	
6	
6	
6.31427175728
0	
0	
6	
6	
5.48192566211
